20231122
2
123052 125734
61 54 75 56 52
131217 132656
32 35 41 29 22

20231124
2
123256 130120
59 43 34 81 47
131431 133136
23 24 11 38 25

20231127
2
124119 125309
51 34 69 76
130744 132152
15 22 40 37

20231128
2
125116 130822
54 86 78 34
132845 134439
31 41 36 19

20231129
2
123656 124631
45 53 50 81 44
130140 130941
21 31 26 54 28

20231130
2
123906 125438
42 79 47
131006 132133
12 28 32

20231201
2
125634 131900
54 40 53 73 48
132728 134002
53 20 29 36 22

20231206
2
121624 124025
66 64 90 61
125721 131042
32 38 54 31

20231207
2
125545 131034
41 80 48 43 
131411 132543
23 37 26 27 

20231208
3
122112 123315
51 32 58 27 69 
125355 130333
23 14 35 17 37 
130836 131608
8 23 9 14

20231213
2
183414 184557
58 70 82 62
185546 190353
29 42 45 38

20231214
3
124834 125725
62 45 73 42
130409 130836
35 31 44 27
131300 131647
15 20 23 14

20231215
3
123125 123807
54 92 64 30
124347 124804
26 51 29 20
125445 125839
12 22 30 10

20231219
3
124118 124646
84 56
125214 125438
61 31
125739 130044
37 46

20231220
3
180014 180731
58 33 92 103 74
181239 182208
35 17 56 64 41
182517 182921
15 14 40 58 32

0