20231103
3
115922 115922
60
122808 123610
50 46 55 52 64 63
124647 125116
27 27 25 24 40 36

20231106
3
120208 120302
65 70 58
121856 122044
50 49 27
114439 115816
58 999 24 32 81
120600 120926
31 24 15 49

20231107
2
115550 120047
62 47 67 46
121538 122219
36 27 41 27

20231108
1
123952 124717
54 25 85 39

20231109
2
122432 122904
35 33 58 50
124709 125159
19 14 25 29

20231110
1
133703 134518
36 76 64 58

20231113
2
131623 135217
76
124025 124639
55 42 61 21

20231114
4
122619 122632
54 23
124913 125357
24 23 58
123331 124450
47 88 38
125917 130548
19 54 26

20231116
5
174857 175235
92 59 53
180510 180510
57 37 40
180540 182008
93 29 33
175908 180610
57 37 74
182757 183419
33 22 23

20231117
4
120854 121229
88 77 44
123805 130558
42 55 39
122121 122525
60 51 65 40
131441 132219
30 37 29 23

20231120
3
172747 174428
104 60 62
180116 180623
63 43 39 32
182852 183808
25 17 46 29 33

20231121
4
130752 132637
48 50 73
173526 173944
48 36 65
174907 175816
114 51
133245 134307
64 47 72 75 55

20231122
2
115515 115616
54 58 59
122920 123834
28 39

20231123
1
124717 130458
84 80 58

20231124
2
120233 121029
109 72 62
131843 133516
51 45 38

20231127
2
120349 120803
86 67 70
183927 184721
76 60 57

20231128
4
130146 130146
68 46 42
133639 135225
31 53 56
174536 175323
92 30 49
180920 182134
62 52 71

20231129
2
120455 122736
48 33 34 39
130622 131256
19 42 28

20231130
3
121722 123425
111 62 54
124554 125103
83 23 25
125658 131518
58 36 30

20231201
2
121459 130550
48 79 33 48
133824 134451
16 45 45 24

20231205
2
125820 130544
90 74 50
132051 132732
58 35 35 26

20231206
2
123940 124939
42 56 49 59
130931 131413
34 25 30 25

20231207
2
125303 130120
93 41 26 30
130623 131137
16 48 16

0

