20231103
2
122808 123610
50 46 55 52 64 63
124647 125116
27 27 25 24 40 36

20231106
2
114439 115816
58 999 24 32 81
120600 120926
31 24 15 49

20231107
2
115550 120047
62 47 67 46
121538 122219
36 27 41 27

20231108
1
123952 124717
54 25 85 39

20231109
2
122432 122904
35 33 58 50
124709 125159
19 14 25 29

20231110
1
133703 134518
36 76 64 58

20231113
1
124025 124639
55 42 61 21

20231114
2
123331 124450
47 88 38
125917 130548
19 54 26

20231116
2
175908 180610
57 37 74
182757 183419
33 22 23

20231117
2
122121 122525
60 51 65 40
131441 132219
30 37 29 23

20231120
1
182852 183808
25 17 46 29 33

20231121
1
133245 134307
64 47 72 75 55

0